=== Run information ===

Scheme:weka.classifiers.bayes.NaiveBayes 
Relation:     koi_cumulative_active_q1_16.csv .preprocessed-weka.filters.unsupervised.attribute.Remove-R1-2,6-9,22-23-weka.filters.unsupervised.attribute.Remove-R2,6,9-10
Instances:    2338
Attributes:   11
              koi_disposition
              koi_time0bk
              koi_incl
              koi_sma
              koi_ror
              koi_dor
              koi_steff
              koi_slogg
              koi_srad
              koi_smass
              koi_sage
Test mode:10-fold cross-validation

=== Classifier model (full training set) ===

Naive Bayes Classifier

                        Class
Attribute      FALSE POSITIVE      CONFIRMED
                       (0.93)         (0.07)
=============================================
koi_time0bk
  mean                157.9412       156.2997
  std. dev.             54.097        34.4062
  weight sum              2183            155
  precision             0.1449         0.1449

koi_incl
  mean                 81.5167         87.455
  std. dev.            14.1736         2.5787
  weight sum              2183            155
  precision             0.1886         0.1886

koi_sma
  mean                  0.1497         0.1561
  std. dev.             0.2431         0.1927
  weight sum              2183            155
  precision              0.001          0.001

koi_ror
  mean                  0.0904         0.0407
  std. dev.             0.1524         0.0311
  weight sum              2183            155
  precision             0.0018         0.0018

koi_dor
  mean                 35.9583        30.7347
  std. dev.            83.8335        43.7597
  weight sum              2183            155
  precision              0.906          0.906

koi_steff
  NA                    1077.0            4.0
  4663.0                   1.0            3.0
  5632.0                   6.0            1.0
  5289.0                   2.0            2.0
  5609.0                   2.0            1.0
  4500.0                   1.0            3.0
  6197.0                   4.0            1.0
  5700.0                   2.0            3.0
  5369.0                   2.0            1.0
  3855.0                   1.0            3.0
  5531.0                   2.0            1.0
  5152.0                   3.0            2.0
  5814.0                   3.0            2.0
  6264.0                   2.0            2.0
  6025.0                   1.0            2.0
  5803.0                   4.0            1.0
  5110.0                   2.0            1.0
  6134.0                   2.0            1.0
  5749.0                   2.0            1.0
  4648.0                   1.0            3.0
  4916.0                   3.0            1.0
  5500.0                   2.0            1.0
  5863.0                   3.0            1.0
  4224.0                   2.0            1.0
  5515.0                   2.0            1.0
  6151.0                   3.0            1.0
  6006.0                   3.0            1.0
  6222.0                   2.0            1.0
  5506.0                   2.0            1.0
  6146.0                   4.0            1.0
  5854.0                   2.0            1.0
  6082.0                   3.0            4.0
  6223.0                   2.0            1.0
  5049.0                   2.0            1.0
  5716.0                   2.0            1.0
  4222.0                   1.0            3.0
  5878.0                   2.0            1.0
  4509.0                   1.0            3.0
  5912.0                   2.0            1.0
  5779.0                   5.0            1.0
  5990.0                   2.0            1.0
  5859.0                   4.0            1.0
  5360.0                   3.0            1.0
  5249.0                   5.0            1.0
  5736.0                   5.0            1.0
  5648.0                   3.0            1.0
  5461.0                   1.0            4.0
  5565.0                   2.0            1.0
  4606.0                   3.0            1.0
  5420.0                   3.0            1.0
  6546.0                   2.0            1.0
  5478.0                   2.0            1.0
  5729.0                   2.0            1.0
  6091.0                   2.0            1.0
  5886.0                   3.0            3.0
  6086.0                   3.0            3.0
  5712.0                   2.0            1.0
  4796.0                   2.0            1.0
  5741.0                   2.0            1.0
  5004.0                   3.0            1.0
  5399.0                   1.0            3.0
  4997.0                   2.0            1.0
  4889.0                   3.0            1.0
  5557.0                   2.0            1.0
  6098.0                   4.0            1.0
  6238.0                   2.0            1.0
  6322.0                   2.0            1.0
  5115.0                   2.0            1.0
  5140.0                   2.0            1.0
  5679.0                   2.0            1.0
  6142.0                   1.0            3.0
  8270.0                   2.0            1.0
  5939.0                   2.0            1.0
  6057.0                   2.0            1.0
  5925.0                   2.0            1.0
  5613.0                   4.0            1.0
  6170.0                   3.0            1.0
  4517.0                   2.0            1.0
  5385.0                   1.0            4.0
  3979.0                   2.0            1.0
  6013.0                   2.0            3.0
  5214.0                   2.0            1.0
  6987.0                   2.0            1.0
  6229.0                   3.0            1.0
  5982.0                   2.0            1.0
  5945.0                   7.0            2.0
  5860.0                   2.0            1.0
  6562.0                   2.0            1.0
  4086.0                   3.0            1.0
  5352.0                   4.0            1.0
  5685.0                   2.0            7.0
  4326.0                   2.0            1.0
  5203.0                   2.0            1.0
  6948.0                   2.0            1.0
  6126.0                   2.0            1.0
  5750.0                   5.0            1.0
  5533.0                   2.0            1.0
  5243.0                   2.0            1.0
  6138.0                   3.0            1.0
  6064.0                   5.0            1.0
  5959.0                   3.0            1.0
  5813.0                   2.0            1.0
  5895.0                   2.0            1.0
  6303.0                   2.0            1.0
  5532.0                   2.0            1.0
  6042.0                   7.0            1.0
  4928.0                   3.0            1.0
  5606.0                   2.0            1.0
  5763.0                   2.0            1.0
  6350.0                   2.0            1.0
  5960.0                   2.0            1.0
  8129.0                   3.0            1.0
  4124.0                   2.0            1.0
  5821.0                   2.0            1.0
  6510.0                   3.0            1.0
  5752.0                   2.0            1.0
  4931.0                   1.0            3.0
  6120.0                   2.0            1.0
  6069.0                   3.0            1.0
  6530.0                   3.0            1.0
  5815.0                   2.0            1.0
  6122.0                   3.0            1.0
  5993.0                   4.0            1.0
  6414.0                   3.0            1.0
  5235.0                   2.0            1.0
  5570.0                   3.0            1.0
  7117.0                   2.0            1.0
  6806.0                   2.0            1.0
  3240.0                  15.0            1.0
  9628.0                   2.0            1.0
  7848.0                   2.0            1.0
  6276.0                   3.0            1.0
  5745.0                   2.0            1.0
  5697.0                   3.0            1.0
  5488.0                   2.0            1.0
  5011.0                   2.0            1.0
  4616.0                   2.0            1.0
  5853.0                   5.0            1.0
  4032.0                   2.0            1.0
  3877.0                   2.0            1.0
  7982.0                   2.0            1.0
  5000.0                   3.0            1.0
  5523.0                   2.0            1.0
  6169.0                   2.0            1.0
  6186.0                   5.0            1.0
  5718.0                   3.0            1.0
  5597.0                   5.0            1.0
  4980.0                   2.0            1.0
  5955.0                   2.0            1.0
  4655.0                   2.0            1.0
  5209.0                   2.0            1.0
  5621.0                   1.0            2.0
  4919.0                   2.0            1.0
  4834.0                   2.0            1.0
  5705.0                   5.0            1.0
  6182.0                   2.0            1.0
  6376.0                   2.0            1.0
  5294.0                   1.0            3.0
  6464.0                   2.0            1.0
  6205.0                   3.0            1.0
  6137.0                   3.0            1.0
  5707.0                   2.0            1.0
  6211.0                   3.0            1.0
  6010.0                   3.0            1.0
  6292.0                   2.0            1.0
  5664.0                   3.0            1.0
  6078.0                   5.0            1.0
  5735.0                   3.0            1.0
  3832.0                   2.0            1.0
  5651.0                   3.0            1.0
  6984.0                   2.0            1.0
  6269.0                   2.0            1.0
  5346.0                   2.0            1.0
  6111.0                   7.0            1.0
  5751.0                   4.0            1.0
  6235.0                   4.0            1.0
  4183.0                   2.0            1.0
  5167.0                   3.0            1.0
  4826.0                   2.0            1.0
  5780.0                   3.0            1.0
  5278.0                   3.0            1.0
  5934.0                   2.0            2.0
  5847.0                   2.0            1.0
  5327.0                   3.0            1.0
  6115.0                   4.0            1.0
  5016.0                   2.0            1.0
  5437.0                   3.0            1.0
  6278.0                   5.0            1.0
  6164.0                   2.0            1.0
  5890.0                   3.0            1.0
  6541.0                   2.0            1.0
  5919.0                   4.0            1.0
  5952.0                   4.0            1.0
  6043.0                   2.0            3.0
  5043.0                   2.0            1.0
  5529.0                   2.0            1.0
  5144.0                   2.0            1.0
  5088.0                   3.0            1.0
  6168.0                   3.0            1.0
  5979.0                   2.0            1.0
  5983.0                   2.0            1.0
  5986.0                   6.0            1.0
  6739.0                   2.0            1.0
  5826.0                   1.0            2.0
  6167.0                   3.0            1.0
  5817.0                   2.0            1.0
  6361.0                   3.0            1.0
  5583.0                   4.0            1.0
  6032.0                   4.0            1.0
  4482.0                   2.0            1.0
  6338.0                   3.0            1.0
  5706.0                   3.0            1.0
  4696.0                   2.0            1.0
  6282.0                   4.0            1.0
  5926.0                   2.0            1.0
  6302.0                   2.0            1.0
  5552.0                   3.0            1.0
  5255.0                   2.0            1.0
  5674.0                   4.0            1.0
  6654.0                   2.0            1.0
  4881.0                   3.0            1.0
  5725.0                   2.0            1.0
  6179.0                   2.0            1.0
  5754.0                   3.0            1.0
  7249.0                   2.0            1.0
  5720.0                   5.0            1.0
  5015.0                   3.0            1.0
  4495.0                   2.0            1.0
  5693.0                   3.0            1.0
  5710.0                   2.0            1.0
  6002.0                   4.0            1.0
  5435.0                   2.0            1.0
  6129.0                   4.0            1.0
  5175.0                   5.0            1.0
  5994.0                   2.0            1.0
  5559.0                   4.0            1.0
  5731.0                   2.0            3.0
  5248.0                   2.0            1.0
  6514.0                   2.0            3.0
  5786.0                   1.0            2.0
  8595.0                   2.0            1.0
  5190.0                   1.0            3.0
  5636.0                   2.0            1.0
  5728.0                   3.0            1.0
  6250.0                   2.0            1.0
  5335.0                   2.0            1.0
  5010.0                   3.0            1.0
  5984.0                   4.0            1.0
  5654.0                   2.0            1.0
  5547.0                   2.0            1.0
  5527.0                   2.0            1.0
  5940.0                   3.0            1.0
  5311.0                   3.0            1.0
  5429.0                   3.0            1.0
  6021.0                   5.0            1.0
  5141.0                   2.0            1.0
  4627.0                   2.0            1.0
  5498.0                   2.0            1.0
  5321.0                   3.0            1.0
  5119.0                   3.0            1.0
  6270.0                   3.0            1.0
  4439.0                   2.0            1.0
  6741.0                   2.0            1.0
  5303.0                   2.0            1.0
  5756.0                   2.0            1.0
  5796.0                   4.0            1.0
  6049.0                   2.0            1.0
  5436.0                   3.0            1.0
  5894.0                   3.0            1.0
  5264.0                   4.0            1.0
  5159.0                   2.0            1.0
  6314.0                   1.0            3.0
  6494.0                   2.0            1.0
  6135.0                   2.0            1.0
  4021.0                   2.0            1.0
  4061.0                   1.0            6.0
  4069.0                   2.0            3.0
  6337.0                   3.0            1.0
  7221.0                   2.0            1.0
  5301.0                   3.0            1.0
  5353.0                   4.0            1.0
  5392.0                   2.0            1.0
  6117.0                   3.0            1.0
  6290.0                   2.0            1.0
  6318.0                   3.0            1.0
  5227.0                   2.0            1.0
  5347.0                   2.0            1.0
  6405.0                   2.0            3.0
  6429.0                   2.0            1.0
  4847.0                   3.0            1.0
  5680.0                   2.0            1.0
  5841.0                   3.0            1.0
  4766.0                   1.0            2.0
  6011.0                   1.0            2.0
  5656.0                   2.0            1.0
  6333.0                   2.0            1.0
  6819.0                   2.0            1.0
  9071.0                   1.0            2.0
  6133.0                   2.0            1.0
  4917.0                   4.0            1.0
  5368.0                   2.0            1.0
  4188.0                   1.0            4.0
  6176.0                   2.0            1.0
  10564.0                  2.0            1.0
  5148.0                   2.0            1.0
  5037.0                   3.0            1.0
  4001.0                   2.0            1.0
  5377.0                   3.0            1.0
  6218.0                   2.0            1.0
  6283.0                   3.0            1.0
  4196.0                   1.0            2.0
  5970.0                   2.0            1.0
  4773.0                   2.0            1.0
  5676.0                   2.0            1.0
  5734.0                   2.0            1.0
  5442.0                   2.0            2.0
  6158.0                   3.0            1.0
  6962.0                   2.0            1.0
  4806.0                   2.0            1.0
  8553.0                   2.0            1.0
  6026.0                   2.0            1.0
  6131.0                   1.0            2.0
  6367.0                   4.0            1.0
  8240.0                   2.0            1.0
  5189.0                   2.0            1.0
  4502.0                   2.0            1.0
  7434.0                   2.0            1.0
  5605.0                   3.0            1.0
  6718.0                   2.0            1.0
  5818.0                   3.0            1.0
  5109.0                   2.0            1.0
  3900.0                   2.0            1.0
  5571.0                   3.0            1.0
  5517.0                   3.0            1.0
  5466.0                   3.0            1.0
  6297.0                   1.0            2.0
  5714.0                   2.0            1.0
  5601.0                   3.0            1.0
  7211.0                   2.0            1.0
  4541.0                   2.0            1.0
  5633.0                   2.0            1.0
  5785.0                   2.0            1.0
  5199.0                   2.0            1.0
  5489.0                   2.0            1.0
  5328.0                   3.0            1.0
  5577.0                   4.0            1.0
  5365.0                   4.0            1.0
  6390.0                   3.0            1.0
  5639.0                   3.0            1.0
  6274.0                   2.0            1.0
  5234.0                   2.0            1.0
  4830.0                   2.0            1.0
  6265.0                   2.0            1.0
  5923.0                   4.0            1.0
  6204.0                   2.0            1.0
  4315.0                   2.0            1.0
  5927.0                   2.0            1.0
  5692.0                   3.0            1.0
  5723.0                   2.0            3.0
  5834.0                   2.0            1.0
  5345.0                   4.0            1.0
  5194.0                   2.0            1.0
  6089.0                   3.0            1.0
  5997.0                   2.0            1.0
  6053.0                   2.0            1.0
  5171.0                   2.0            1.0
  5524.0                   4.0            1.0
  8050.0                   2.0            1.0
  6403.0                   2.0            1.0
  5686.0                   3.0            1.0
  6418.0                   2.0            1.0
  6914.0                   2.0            1.0
  7523.0                   2.0            1.0
  6103.0                   2.0            3.0
  3944.0                   2.0            1.0
  4858.0                   3.0            1.0
  6507.0                   2.0            1.0
  6052.0                   4.0            1.0
  5514.0                   2.0            1.0
  5222.0                   2.0            1.0
  5374.0                   2.0            1.0
  5085.0                   2.0            1.0
  5469.0                   3.0            1.0
  6014.0                   2.0            1.0
  6202.0                   6.0            1.0
  7048.0                   2.0            1.0
  6020.0                   2.0            1.0
  6107.0                   2.0            1.0
  5696.0                   2.0            1.0
  6267.0                   2.0            1.0
  6326.0                   3.0            1.0
  4570.0                   2.0            1.0
  6299.0                   2.0            1.0
  4486.0                   1.0            3.0
  4905.0                   2.0            1.0
  5872.0                   2.0            1.0
  5133.0                   2.0            1.0
  5380.0                   3.0            1.0
  6206.0                   3.0            1.0
  6286.0                   5.0            1.0
  5969.0                   1.0            2.0
  5637.0                   2.0            1.0
  5699.0                   2.0            1.0
  5530.0                   3.0            1.0
  6645.0                   2.0            1.0
  5788.0                   4.0            1.0
  5198.0                   2.0            1.0
  6030.0                   2.0            1.0
  6193.0                   2.0            1.0
  5578.0                   2.0            1.0
  6434.0                   3.0            1.0
  6391.0                   2.0            1.0
  5684.0                   2.0            1.0
  6381.0                   2.0            1.0
  5804.0                   2.0            1.0
  5880.0                   3.0            1.0
  5539.0                   3.0            1.0
  4662.0                   2.0            1.0
  8853.0                   2.0            1.0
  5799.0                   3.0            1.0
  6210.0                   4.0            1.0
  5770.0                   4.0            1.0
  6074.0                   2.0            1.0
  4353.0                   2.0            1.0
  5825.0                   2.0            1.0
  6665.0                   2.0            1.0
  5595.0                   1.0            2.0
  4422.0                   2.0            1.0
  5379.0                   3.0            1.0
  5805.0                   2.0            1.0
  6443.0                   3.0            1.0
  5889.0                   3.0            1.0
  5789.0                   2.0            1.0
  5717.0                   2.0            1.0
  5764.0                   3.0            1.0
  4098.0                   1.0            2.0
  5331.0                   3.0            1.0
  4727.0                   2.0            1.0
  6550.0                   4.0            1.0
  5066.0                   3.0            1.0
  6540.0                   2.0            1.0
  5657.0                   2.0            1.0
  5666.0                   1.0            3.0
  6244.0                   2.0            1.0
  6037.0                   3.0            1.0
  6034.0                   3.0            1.0
  5966.0                   3.0            3.0
  5191.0                   2.0            1.0
  5612.0                   3.0            1.0
  8604.0                   2.0            1.0
  7051.0                   2.0            1.0
  5223.0                   2.0            1.0
  5842.0                   2.0            1.0
  5497.0                   2.0            1.0
  6528.0                   2.0            1.0
  5877.0                   2.0            1.0
  6225.0                   2.0            2.0
  6180.0                   3.0            4.0
  5902.0                   2.0            1.0
  7113.0                   3.0            1.0
  8182.0                   2.0            1.0
  3965.0                   2.0            1.0
  6582.0                   2.0            1.0
  7710.0                   2.0            1.0
  5682.0                   2.0            1.0
  6466.0                   3.0            1.0
  5551.0                   2.0            1.0
  5721.0                   2.0            2.0
  5137.0                   2.0            1.0
  4946.0                   2.0            1.0
  6409.0                   2.0            1.0
  5184.0                   1.0            2.0
  6005.0                   3.0            1.0
  5288.0                   2.0            4.0
  5130.0                   2.0            1.0
  5701.0                   2.0            1.0
  5918.0                   2.0            1.0
  5875.0                   2.0            1.0
  5358.0                   2.0            1.0
  5372.0                   3.0            1.0
  5835.0                   4.0            1.0
  5545.0                   2.0            1.0
  5438.0                   2.0            1.0
  6087.0                   2.0            1.0
  6055.0                   2.0            1.0
  5492.0                   2.0            1.0
  5976.0                   2.0            1.0
  6171.0                   3.0            1.0
  5046.0                   4.0            1.0
  6378.0                   3.0            1.0
  5054.0                   2.0            1.0
  5187.0                   3.0            1.0
  4896.0                   2.0            1.0
  5787.0                   1.0            2.0
  6012.0                   2.0            1.0
  5793.0                   1.0            3.0
  5691.0                   4.0            1.0
  4550.0                   2.0            1.0
  5406.0                   3.0            1.0
  6359.0                   2.0            1.0
  6491.0                   2.0            1.0
  4485.0                   2.0            1.0
  4029.0                   2.0            1.0
  6058.0                   1.0            3.0
  6558.0                   3.0            1.0
  5832.0                   2.0            1.0
  6482.0                   4.0            1.0
  5620.0                   4.0            1.0
  6563.0                   2.0            1.0
  5792.0                   2.0            1.0
  6059.0                   4.0            1.0
  6392.0                   2.0            1.0
  5628.0                   2.0            1.0
  5220.0                   3.0            1.0
  5973.0                   3.0            3.0
  5930.0                   2.0            1.0
  8315.0                   2.0            1.0
  4948.0                   2.0            1.0
  5627.0                   2.0            3.0
  6432.0                   2.0            1.0
  5972.0                   3.0            1.0
  6184.0                   1.0            5.0
  5650.0                   2.0            1.0
  8620.0                   2.0            1.0
  5688.0                   3.0            1.0
  6366.0                   3.0            1.0
  6522.0                   2.0            1.0
  9511.0                   2.0            1.0
  4251.0                   2.0            1.0
  3946.0                   2.0            1.0
  5548.0                   2.0            1.0
  6166.0                   2.0            1.0
  6231.0                   2.0            1.0
  6354.0                   2.0            2.0
  6835.0                   2.0            1.0
  5490.0                   2.0            1.0
  6618.0                   2.0            1.0
  5643.0                   2.0            1.0
  6691.0                   2.0            1.0
  5486.0                   3.0            1.0
  4498.0                   2.0            1.0
  5922.0                   3.0            1.0
  5846.0                   2.0            1.0
  6487.0                   2.0            1.0
  4373.0                   2.0            1.0
  5905.0                   3.0            1.0
  6045.0                   3.0            1.0
  6018.0                   1.0            3.0
  4239.0                   2.0            1.0
  6047.0                   2.0            1.0
  5812.0                   2.0            1.0
  6838.0                   2.0            1.0
  4566.0                   2.0            1.0
  9974.0                   2.0            1.0
  6157.0                   3.0            1.0
  6398.0                   4.0            1.0
  6622.0                   2.0            1.0
  5996.0                   2.0            1.0
  4867.0                   2.0            1.0
  4978.0                   2.0            1.0
  5156.0                   2.0            1.0
  6499.0                   2.0            1.0
  4362.0                   2.0            1.0
  5535.0                   2.0            1.0
  6190.0                   3.0            1.0
  5810.0                   2.0            1.0
  6071.0                   2.0            1.0
  5968.0                   2.0            1.0
  5946.0                   2.0            1.0
  5776.0                   2.0            1.0
  7005.0                   2.0            1.0
  4613.0                   1.0            3.0
  5544.0                   2.0            1.0
  6395.0                   1.0            2.0
  5482.0                   4.0            1.0
  5862.0                   2.0            1.0
  6109.0                   3.0            1.0
  5178.0                   2.0            1.0
  6433.0                   2.0            1.0
  6525.0                   2.0            1.0
  6615.0                   2.0            1.0
  6600.0                   2.0            1.0
  5340.0                   2.0            1.0
  5988.0                   2.0            1.0
  5174.0                   3.0            1.0
  6340.0                   2.0            1.0
  6330.0                   1.0            7.0
  27740.0                  2.0            1.0
  6255.0                   2.0            1.0
  5954.0                   3.0            1.0
  6104.0                   3.0            1.0
  5942.0                   2.0            1.0
  5659.0                   2.0            1.0
  5891.0                   4.0            1.0
  5541.0                   2.0            2.0
  4292.0                   2.0            1.0
  4901.0                   2.0            1.0
  6054.0                   2.0            1.0
  6172.0                   1.0            4.0
  5897.0                   4.0            1.0
  5576.0                   2.0            1.0
  5975.0                   2.0            1.0
  5197.0                   2.0            1.0
  6686.0                   3.0            1.0
  5777.0                   1.0            4.0
  5439.0                   2.0            1.0
  5504.0                   2.0            1.0
  6638.0                   2.0            1.0
  8450.0                   2.0            1.0
  5567.0                   2.0            1.0
  4636.0                   2.0            1.0
  5122.0                   4.0            1.0
  5170.0                   2.0            1.0
  5208.0                   2.0            1.0
  6520.0                   2.0            1.0
  5858.0                   1.0            2.0
  5510.0                   1.0            2.0
  5760.0                   5.0            1.0
  5417.0                   2.0            1.0
  4171.0                   2.0            1.0
  5642.0                   2.0            1.0
  5913.0                   3.0            1.0
  5136.0                   2.0            1.0
  5585.0                   2.0            1.0
  9205.0                   2.0            1.0
  6090.0                   3.0            1.0
  5443.0                   1.0            6.0
  6007.0                   3.0            1.0
  5956.0                   3.0            1.0
  5848.0                   2.0            1.0
  5802.0                   2.0            1.0
  5924.0                   2.0            1.0
  5423.0                   2.0            1.0
  5322.0                   2.0            1.0
  5398.0                   2.0            1.0
  6348.0                   2.0            1.0
  4965.0                   2.0            1.0
  6329.0                   2.0            1.0
  5791.0                   4.0            1.0
  4349.0                   2.0            1.0
  5885.0                   2.0            1.0
  7042.0                   2.0            1.0
  5394.0                   3.0            1.0
  5726.0                   2.0            1.0
  5569.0                   2.0            1.0
  4200.0                   2.0            1.0
  5537.0                   2.0            1.0
  6105.0                   2.0            1.0
  5884.0                   2.0            1.0
  4883.0                   2.0            1.0
  5363.0                   4.0            1.0
  5188.0                   2.0            1.0
  5426.0                   2.0            1.0
  5287.0                   2.0            1.0
  4135.0                   2.0            1.0
  4173.0                   2.0            1.0
  6328.0                   2.0            1.0
  6288.0                   2.0            1.0
  6731.0                   2.0            1.0
  6549.0                   2.0            1.0
  6261.0                   2.0            1.0
  4807.0                   1.0            4.0
  6178.0                   2.0            1.0
  6662.0                   2.0            1.0
  6711.0                   2.0            1.0
  5904.0                   1.0            6.0
  6201.0                   2.0            1.0
  6818.0                   2.0            1.0
  6095.0                   3.0            1.0
  5244.0                   2.0            1.0
  4877.0                   4.0            1.0
  6341.0                   2.0            1.0
  5711.0                   2.0            1.0
  6196.0                   2.0            1.0
  4232.0                   2.0            1.0
  4687.0                   2.0            1.0
  5669.0                   2.0            1.0
  8537.0                   2.0            1.0
  5238.0                   2.0            1.0
  5521.0                   2.0            1.0
  5683.0                   2.0            1.0
  5953.0                   3.0            1.0
  4897.0                   2.0            1.0
  5540.0                   2.0            1.0
  6188.0                   5.0            1.0
  6561.0                   2.0            1.0
  5998.0                   2.0            1.0
  5819.0                   2.0            1.0
  4895.0                   2.0            1.0
  9567.0                   2.0            1.0
  5172.0                   2.0            1.0
  5762.0                   2.0            1.0
  4049.0                   3.0            1.0
  5687.0                   2.0            1.0
  6050.0                   4.0            1.0
  5599.0                   2.0            1.0
  5232.0                   3.0            1.0
  5870.0                   2.0            1.0
  6132.0                   2.0            1.0
  5206.0                   2.0            1.0
  5698.0                   2.0            1.0
  5647.0                   2.0            1.0
  4227.0                   2.0            1.0
  6789.0                   2.0            1.0
  4166.0                   2.0            1.0
  7595.0                   2.0            1.0
  4761.0                   2.0            1.0
  5020.0                   2.0            1.0
  5048.0                   2.0            1.0
  5629.0                   3.0            1.0
  5134.0                   2.0            1.0
  3874.0                   2.0            1.0
  6029.0                   2.0            1.0
  6081.0                   2.0            1.0
  5241.0                   2.0            1.0
  4576.0                   2.0            1.0
  6093.0                   4.0            1.0
  5900.0                   2.0            1.0
  4879.0                   2.0            1.0
  5866.0                   2.0            1.0
  6000.0                   2.0            1.0
  5838.0                   2.0            1.0
  4512.0                   2.0            1.0
  5845.0                   2.0            1.0
  5908.0                   2.0            1.0
  5053.0                   2.0            1.0
  6266.0                   2.0            1.0
  5475.0                   2.0            1.0
  4428.0                   2.0            1.0
  6440.0                   2.0            1.0
  5067.0                   2.0            1.0
  5381.0                   2.0            1.0
  6214.0                   2.0            1.0
  5883.0                   2.0            1.0
  5344.0                   2.0            1.0
  5641.0                   2.0            1.0
  5216.0                   2.0            1.0
  6422.0                   1.0            2.0
  6309.0                   2.0            1.0
  4642.0                   2.0            1.0
  4384.0                   2.0            1.0
  5747.0                   2.0            1.0
  6677.0                   2.0            1.0
  5526.0                   3.0            1.0
  5604.0                   3.0            1.0
  4954.0                   2.0            1.0
  5101.0                   2.0            1.0
  5388.0                   2.0            1.0
  5225.0                   2.0            1.0
  5809.0                   2.0            1.0
  6149.0                   3.0            1.0
  5640.0                   2.0            1.0
  4991.0                   2.0            1.0
  6119.0                   2.0            1.0
  4571.0                   2.0            1.0
  6411.0                   2.0            1.0
  9417.0                   2.0            1.0
  6085.0                   2.0            1.0
  5868.0                   2.0            1.0
  5538.0                   2.0            1.0
  5313.0                   2.0            1.0
  6519.0                   2.0            1.0
  6022.0                   2.0            1.0
  5419.0                   2.0            1.0
  6768.0                   2.0            1.0
  5315.0                   2.0            1.0
  5162.0                   2.0            1.0
  5163.0                   2.0            1.0
  7082.0                   2.0            1.0
  5901.0                   2.0            1.0
  6653.0                   2.0            1.0
  5166.0                   2.0            1.0
  5941.0                   2.0            1.0
  5367.0                   2.0            1.0
  5836.0                   2.0            1.0
  4921.0                   2.0            1.0
  6649.0                   2.0            1.0
  4180.0                   2.0            1.0
  5933.0                   2.0            1.0
  6221.0                   2.0            1.0
  6779.0                   2.0            1.0
  5840.0                   2.0            1.0
  6730.0                   2.0            1.0
  5519.0                   2.0            1.0
  6075.0                   2.0            1.0
  5045.0                   2.0            1.0
  5457.0                   2.0            1.0
  5560.0                   2.0            1.0
  6162.0                   2.0            1.0
  6321.0                   2.0            1.0
  6375.0                   2.0            1.0
  6284.0                   2.0            1.0
  4530.0                   2.0            1.0
  4271.0                   2.0            1.0
  5974.0                   2.0            1.0
  6421.0                   2.0            1.0
  4923.0                   2.0            1.0
  6130.0                   2.0            1.0
  4258.0                   2.0            1.0
  5078.0                   2.0            1.0
  3952.0                   2.0            1.0
  6243.0                   2.0            1.0
  5258.0                   2.0            1.0
  5623.0                   2.0            1.0
  5518.0                   2.0            1.0
  5333.0                   2.0            1.0
  6342.0                   2.0            1.0
  6756.0                   2.0            1.0
  5727.0                   2.0            1.0
  6145.0                   2.0            1.0
  6805.0                   2.0            1.0
  6901.0                   2.0            1.0
  5271.0                   2.0            1.0
  6380.0                   2.0            1.0
  [total]               2997.0          969.0

koi_slogg
  NA                    1077.0            4.0
  4.65                    10.0            3.0
  4.22                     8.0            1.0
  4.59                    24.0            6.0
  4.58                    25.0            2.0
  4.7                      7.0            3.0
  3.87                     5.0            1.0
  4.49                    44.0            7.0
  4.57                    37.0            3.0
  4.75                     5.0            3.0
  4.37                     7.0            2.0
  4.54                    33.0            4.0
  4.38                    16.0           10.0
  3.79                     2.0            2.0
  4.11                     6.0            2.0
  4.55                    38.0            1.0
  4.48                    26.0            5.0
  4.53                    29.0            2.0
  4.69                     8.0            6.0
  4.6                     21.0            1.0
  4.133                    2.0            1.0
  4.72                    12.0            6.0
  4.36                    17.0            4.0
  4.01                     6.0            1.0
  4.46                    31.0            1.0
  4.06                     3.0            3.0
  4.5                     38.0            2.0
  4.66                     6.0            1.0
  4.56                    31.0            3.0
  4.68                    13.0            3.0
  4.4                     12.0            3.0
  4.41                    30.0            1.0
  4.62                    13.0            3.0
  4.61                    21.0            1.0
  4.39                    18.0            3.0
  4.52                    35.0            5.0
  4.51                    33.0            6.0
  4.44                    17.0            2.0
  3.67                     3.0            1.0
  3.97                     1.0            3.0
  4.269                    2.0            1.0
  4.43                    33.0           10.0
  4.16                     6.0            4.0
  4.25                     6.0            1.0
  4.74                     9.0            8.0
  4.71                     5.0            1.0
  4.33                    12.0            1.0
  4.45                    30.0           15.0
  4.35                    13.0            3.0
  4.335                    2.0            1.0
  3.93                     4.0            2.0
  4.73                     7.0            2.0
  3.58                     2.0            3.0
  4.34                     9.0            1.0
  4.24                     4.0            1.0
  2.46                     2.0            1.0
  4.18                     5.0            1.0
  4.03                     3.0            6.0
  4.897                   15.0            1.0
  4.23                     5.0            2.0
  4.09                     2.0            1.0
  4.02                     7.0            1.0
  4.528                    2.0            1.0
  4.32                     5.0            2.0
  4.587                    2.0            1.0
  3.66                     3.0            1.0
  4.358                    2.0            1.0
  4.47                    27.0            3.0
  3.6                      2.0            1.0
  4.498                    2.0            1.0
  4.404                    2.0            1.0
  4.3                      7.0            1.0
  4.363                    3.0            1.0
  4.79                     2.0            1.0
  4.42                    27.0            7.0
  4.78                     3.0            1.0
  4.67                    13.0            1.0
  3.59                     2.0            1.0
  4.31                     8.0            1.0
  4.19                     7.0            1.0
  4.27                     7.0            1.0
  3.71                     2.0            1.0
  4.495                    3.0            1.0
  4.537                    2.0            1.0
  4.64                    12.0            1.0
  4.13                     8.0            1.0
  4.17                     7.0            1.0
  3.2                      2.0            1.0
  4.2                      4.0            1.0
  4.26                     4.0            1.0
  3.55                     2.0            1.0
  4.427                    2.0            1.0
  4.572                    2.0            1.0
  3.44                     2.0            1.0
  4.478                    3.0            1.0
  4.476                    4.0            1.0
  4.474                    5.0            1.0
  4.447                    3.0            1.0
  4.562                    1.0            4.0
  4.28                     4.0            2.0
  3.99                     2.0            2.0
  4.485                    2.0            1.0
  3.82                     4.0            1.0
  2.44                     2.0            1.0
  3.57                     3.0            1.0
  3.95                     3.0            2.0
  3.81                     3.0            1.0
  4.12                     7.0            1.0
  3.5                      3.0            1.0
  4.1                      3.0            1.0
  4.15                     6.0            2.0
  4.29                     6.0            1.0
  2.75                     2.0            1.0
  3.91                     3.0            1.0
  4.63                    12.0            1.0
  3.92                     2.0            1.0
  3.68                     4.0            1.0
  4.07                     3.0            3.0
  3.94                     3.0            1.0
  4.462                    2.0            1.0
  3.98                     4.0            3.0
  3.83                     4.0            1.0
  3.14                     2.0            1.0
  4.416                    2.0            1.0
  4.429                    2.0            1.0
  4.08                     4.0            1.0
  4.353                    2.0            1.0
  4.14                     3.0            1.0
  3.77                     2.0            1.0
  4.05                     3.0            1.0
  3.88                     2.0            1.0
  3.33                     2.0            1.0
  4.281                    1.0            3.0
  1.63                     2.0            1.0
  3.89                     3.0            1.0
  4.04                     3.0            2.0
  3.86                     3.0            1.0
  4.181                    1.0            5.0
  4.223                    2.0            1.0
  4.581                    2.0            1.0
  4.306                    2.0            1.0
  4.475                    4.0            1.0
  4.547                    2.0            1.0
  4.21                     4.0            1.0
  4.0                      2.0            1.0
  4.316                    2.0            1.0
  4.507                    2.0            1.0
  3.8                      2.0            1.0
  4.484                    2.0            1.0
  4.548                    2.0            1.0
  4.432                    2.0            1.0
  4.674                    1.0            3.0
  4.354                    2.0            1.0
  4.503                    2.0            1.0
  3.945                    2.0            1.0
  4.409                    2.0            1.0
  4.426                    2.0            1.0
  4.367                    2.0            1.0
  4.526                    2.0            1.0
  4.82                     2.0            1.0
  3.64                     2.0            1.0
  4.566                    2.0            1.0
  4.563                    2.0            1.0
  3.69                     2.0            1.0
  4.357                    2.0            1.0
  4.388                    2.0            1.0
  3.61                     2.0            1.0
  3.96                     2.0            1.0
  4.333                    2.0            1.0
  4.425                    2.0            1.0
  4.446                    2.0            1.0
  3.42                     2.0            1.0
  2.87                     2.0            1.0
  3.72                     2.0            1.0
  3.7                      2.0            1.0
  3.62                     2.0            1.0
  4.489                    2.0            1.0
  3.54                     2.0            1.0
  3.48                     2.0            1.0
  3.56                     2.0            1.0
  4.314                    2.0            1.0
  3.45                     2.0            1.0
  4.413                    2.0            1.0
  4.344                    2.0            1.0
  4.307                    2.0            1.0
  [total]               2368.0          340.0

koi_srad
  mean                  1.2871         1.0645
  std. dev.             3.3789         0.4888
  weight sum              2183            155
  precision             0.1733         0.1733

koi_smass
  NA                    1077.0            4.0
  0.662                    2.0            3.0
  0.88                     8.0            1.0
  0.82                     4.0            2.0
  0.93                     7.0            1.0
  0.648                    1.0            3.0
  1.45                     4.0            2.0
  0.922                    2.0            3.0
  0.84                     4.0            1.0
  0.514                    1.0            3.0
  0.77                     3.0            2.0
  0.995                    4.0            2.0
  1.66                     1.0            2.0
  1.14                     8.0           10.0
  0.977                    3.0            1.0
  0.75                     4.0            1.0
  1.079                    2.0            1.0
  0.761                    2.0            1.0
  0.954                    2.0            1.0
  0.664                    1.0            3.0
  0.714                    3.0            1.0
  1.068                    4.0            1.0
  0.577                    2.0            3.0
  0.985                    3.0            1.0
  1.07                    22.0            1.0
  1.03                    19.0            1.0
  1.37                     5.0            1.0
  0.851                    4.0            1.0
  1.08                    16.0            1.0
  1.237                    2.0            1.0
  1.059                    2.0            1.0
  1.11                    12.0            2.0
  0.784                    2.0            1.0
  0.955                    3.0            1.0
  0.997                    5.0            1.0
  0.631                    1.0            3.0
  1.011                    3.0            1.0
  0.94                    12.0            2.0
  0.974                    4.0            1.0
  1.1                     15.0            1.0
  0.959                    6.0            1.0
  0.861                    3.0            1.0
  0.8                      7.0            1.0
  0.915                    2.0            1.0
  0.936                    5.0            1.0
  0.969                    3.0            4.0
  0.914                    5.0            1.0
  0.651                    2.0            1.0
  0.875                    3.0            1.0
  1.22                    11.0            3.0
  0.892                    4.0            1.0
  0.96                     8.0            1.0
  1.0                     16.0            1.0
  1.065                    1.0            4.0
  0.97                    16.0            1.0
  0.933                    4.0            1.0
  0.688                    2.0            1.0
  0.962                    3.0            1.0
  0.731                    2.0            1.0
  0.996                    1.0            3.0
  0.729                    3.0            1.0
  0.708                    2.0            1.0
  0.886                    3.0            1.0
  0.972                    3.0            1.0
  1.12                    12.0            4.0
  0.754                    2.0            1.0
  1.32                     8.0            1.0
  0.944                    3.0            4.0
  1.19                     5.0            3.0
  2.069                    2.0            1.0
  1.009                    4.0            1.0
  1.014                    3.0            1.0
  0.87                     6.0            1.0
  1.09                    28.0            1.0
  0.634                    2.0            3.0
  0.534                    2.0            1.0
  1.06                    23.0            1.0
  0.95                    17.0            1.0
  1.42                     3.0            1.0
  1.04                    19.0            5.0
  0.994                    2.0            1.0
  1.23                     5.0            1.0
  0.552                    2.0            1.0
  0.947                    2.0            1.0
  0.596                    2.0            1.0
  0.772                    2.0            1.0
  1.36                     6.0            2.0
  1.074                    3.0            1.0
  0.963                    3.0            1.0
  1.02                    16.0            5.0
  1.054                    3.0            1.0
  1.022                    4.0            1.0
  0.938                    3.0            1.0
  1.05                    28.0            1.0
  0.85                     9.0            1.0
  0.889                    4.0            1.0
  1.245                    2.0            1.0
  1.025                    4.0            1.0
  1.97                     2.0            1.0
  0.559                    2.0            1.0
  0.983                    3.0            1.0
  1.2                      5.0            1.0
  1.362                    1.0            3.0
  1.061                    4.0            1.0
  0.981                    2.0            1.0
  1.01                    13.0            1.0
  1.197                    2.0            1.0
  2.9223                   2.0            1.0
  0.9                      7.0            1.0
  1.44                     2.0            1.0
  1.46                     5.0            1.0
  0.21                    15.0            1.0
  2.11                     4.0            1.0
  1.71                     2.0            1.0
  0.948                    3.0            1.0
  0.707                    2.0            1.0
  0.546                    2.0            1.0
  0.518                    3.0            1.0
  1.83                     2.0            1.0
  1.135                    2.0            1.0
  0.92                     7.0            1.0
  0.756                    2.0            1.0
  1.016                    3.0            1.0
  0.66                     3.0            1.0
  0.89                    11.0            1.0
  0.732                    2.0            1.0
  0.952                    3.0            1.0
  1.16                    11.0            1.0
  0.843                    2.0            3.0
  1.117                    3.0            1.0
  1.109                    2.0            1.0
  0.941                    3.0            3.0
  0.511                    2.0            1.0
  0.782                    3.0            1.0
  0.845                    3.0            1.0
  0.984                    1.0            7.0
  1.15                     9.0            2.0
  1.177                    3.0            1.0
  0.57                     2.0            1.0
  0.99                    11.0            1.0
  1.002                    2.0            3.0
  1.075                    2.0            3.0
  0.733                    4.0            1.0
  0.867                    2.0            1.0
  1.219                    2.0            1.0
  1.019                    6.0            1.0
  0.76                     6.0            1.0
  1.357                    2.0            1.0
  0.98                     8.0            2.0
  0.906                    4.0            2.0
  1.028                    2.0            3.0
  1.29                     5.0            1.0
  1.138                    1.0            2.0
  0.627                    3.0            1.0
  0.701                    2.0            1.0
  1.132                    2.0            1.0
  0.91                     8.0            1.0
  0.78                     7.0            1.0
  0.945                    2.0            1.0
  1.26                     5.0            2.0
  0.919                    3.0            1.0
  0.946                    3.0            1.0
  0.69                     2.0            1.0
  0.931                    3.0            1.0
  0.813                    3.0            1.0
  0.913                    3.0            1.0
  0.989                    3.0            1.0
  1.105                    1.0            2.0
  1.208                    1.0            3.0
  1.127                    1.0            2.0
  1.89                     2.0            1.0
  0.883                    1.0            3.0
  0.86                     9.0            1.0
  0.937                    3.0            1.0
  1.923                    2.0            1.0
  1.24                     8.0            1.0
  0.863                    3.0            1.0
  0.654                    2.0            1.0
  0.897                    2.0            1.0
  0.833                    3.0            1.0
  1.13                    13.0            1.0
  0.619                    2.0            1.0
  0.795                    2.0            1.0
  1.567                    2.0            1.0
  1.052                    3.0            1.0
  0.987                    3.0            1.0
  0.79                     4.0            1.0
  0.765                    3.0            1.0
  1.203                    2.0            1.0
  1.033                    2.0            1.0
  0.543                    2.0            1.0
  0.549                    1.0            8.0
  0.581                    3.0            1.0
  1.144                    2.0            1.0
  1.6                      2.0            1.0
  0.829                    2.0            1.0
  0.81                     4.0            1.0
  1.762                    2.0            1.0
  0.787                    2.0            1.0
  0.993                    3.0            1.0
  0.918                    6.0            1.0
  1.18                     7.0            3.0
  0.83                     7.0            1.0
  0.902                    2.0            1.0
  0.786                    3.0            2.0
  1.172                    1.0            2.0
  0.917                    3.0            1.0
  2.27                     1.0            2.0
  0.713                    2.0            1.0
  0.617                    2.0            4.0
  2.38                     2.0            1.0
  0.777                    4.0            1.0
  0.539                    2.0            1.0
  0.865                    3.0            1.0
  1.082                    2.0            1.0
  0.573                    2.0            2.0
  0.691                    2.0            1.0
  1.084                    2.0            1.0
  1.52                     2.0            1.0
  2.612                    2.0            1.0
  2.62                     2.0            1.0
  1.49                     2.0            1.0
  1.8                      4.0            1.0
  1.35                     4.0            1.0
  0.63                     4.0            1.0
  1.366                    2.0            1.0
  1.54                     2.0            1.0
  0.925                    4.0            1.0
  1.28                     4.0            1.0
  0.753                    4.0            4.0
  1.071                    2.0            1.0
  0.953                    2.0            1.0
  0.51                     2.0            1.0
  0.903                    3.0            1.0
  0.869                    4.0            1.0
  1.606                    2.0            1.0
  0.637                    2.0            1.0
  0.879                    2.0            1.0
  0.975                    4.0            1.0
  0.798                    2.0            1.0
  0.898                    4.0            1.0
  1.242                    1.0            2.0
  2.991                    2.0            1.0
  1.17                     8.0            1.0
  0.934                    3.0            1.0
  1.035                    2.0            1.0
  1.128                    4.0            1.0
  0.789                    2.0            1.0
  0.696                    2.0            1.0
  1.049                    3.0            1.0
  0.594                    2.0            1.0
  1.013                    2.0            1.0
  0.956                    4.0            3.0
  0.832                    3.0            1.0
  0.973                    2.0            1.0
  0.857                    3.0            1.0
  1.48                     3.0            1.0
  2.28                     2.0            1.0
  1.171                    4.0            1.0
  0.709                    3.0            1.0
  1.34                     4.0            1.0
  1.64                     2.0            1.0
  1.062                    3.0            1.0
  1.27                     5.0            1.0
  0.826                    3.0            1.0
  1.316                    2.0            1.0
  1.038                    2.0            1.0
  1.39                     3.0            1.0
  1.046                    5.0            1.0
  1.093                    2.0            1.0
  0.894                    2.0            1.0
  2.012                    2.0            1.0
  1.001                    2.0            1.0
  0.763                    3.0            1.0
  1.024                    2.0            2.0
  0.986                    3.0            1.0
  0.905                    3.0            3.0
  0.814                    3.0            1.0
  1.012                    2.0            1.0
  1.078                    2.0            1.0
  0.819                    2.0            1.0
  1.61                     3.0            1.0
  0.901                    3.0            6.0
  0.971                    2.0            1.0
  1.161                    4.0            1.0
  0.702                    2.0            1.0
  0.935                    2.0            1.0
  1.026                    4.0            1.0
  0.602                    2.0            1.0
  1.034                    6.0            1.0
  1.33                     3.0            1.0
  0.923                    2.0            2.0
  0.615                    2.0            1.0
  0.979                    5.0            1.0
  1.003                    2.0            1.0
  0.957                    2.0            1.0
  0.835                    2.0            1.0
  0.557                    1.0            2.0
  0.674                    2.0            1.0
  0.848                    4.0            1.0
  1.114                    2.0            1.0
  1.031                    3.0            1.0
  1.119                    2.0            2.0
  0.882                    3.0            1.0
  0.929                    3.0            1.0
  1.98                     2.0            1.0
  0.961                    3.0            1.0
  0.976                    6.0            1.0
  1.4                      2.0            1.0
  2.04                     2.0            1.0
  0.547                    4.0            1.0
  1.38                     4.0            1.0
  1.74                     2.0            1.0
  1.063                    2.0            1.0
  1.192                    1.0            3.0
  1.037                    2.0            1.0
  0.846                    2.0            1.0
  0.864                    2.0            1.0
  0.911                    2.0            1.0
  1.018                    1.0            2.0
  0.836                    2.0            1.0
  0.872                    3.0            1.0
  0.739                    2.0            1.0
  0.745                    2.0            1.0
  0.992                    3.0            1.0
  0.653                    2.0            1.0
  0.815                    3.0            1.0
  1.333                    2.0            1.0
  0.837                    1.0            2.0
  1.3                      6.0            1.0
  1.148                    2.0            1.0
  0.951                    2.0            1.0
  1.167                    2.0            1.0
  0.776                    3.0            1.0
  1.027                    2.0            1.0
  1.387                    2.0            1.0
  0.722                    3.0            3.0
  1.029                    2.0            1.0
  1.278                    1.0            5.0
  1.091                    1.0            3.0
  2.391                    2.0            1.0
  1.159                    2.0            1.0
  1.21                     5.0            1.0
  2.13                     2.0            1.0
  0.583                    2.0            1.0
  0.54                     2.0            1.0
  1.455                    2.0            1.0
  1.31                     2.0            1.0
  0.916                    2.0            1.0
  1.51                     3.0            1.0
  0.858                    2.0            1.0
  1.064                    4.0            1.0
  0.672                    3.0            1.0
  1.231                    2.0            1.0
  2.31                     2.0            1.0
  0.643                    3.0            1.0
  2.49                     2.0            1.0
  0.912                    3.0            1.0
  1.088                    2.0            1.0
  1.373                    2.0            1.0
  1.036                    2.0            1.0
  0.741                    2.0            1.0
  1.248                    2.0            1.0
  1.097                    3.0            1.0
  1.048                    3.0            1.0
  1.41                     3.0            1.0
  1.374                    1.0            2.0
  0.834                    2.0            1.0
  1.156                    2.0            1.0
  0.748                    2.0            1.0
  1.25                     2.0            1.0
  15.221                   2.0            1.0
  1.023                    2.0            1.0
  1.122                    2.0            1.0
  0.939                    3.0            1.0
  0.893                    3.0            1.0
  1.069                    1.0            2.0
  1.006                    2.0            1.0
  1.205                    1.0            4.0
  1.005                    2.0            1.0
  0.807                    3.0            1.0
  1.053                    2.0            4.0
  1.181                    2.0            1.0
  2.59                     2.0            1.0
  0.71                     2.0            1.0
  0.751                    2.0            1.0
  0.811                    3.0            1.0
  1.313                    2.0            1.0
  1.124                    1.0            2.0
  0.828                    1.0            2.0
  0.818                    2.0            1.0
  0.568                    2.0            1.0
  0.908                    2.0            1.0
  0.874                    2.0            1.0
  1.427                    2.0            1.0
  0.942                    3.0            1.0
  0.766                    3.0            1.0
  0.601                    2.0            1.0
  0.803                    2.0            1.0
  1.102                    2.0            1.0
  0.844                    2.0            1.0
  0.895                    2.0            1.0
  0.877                    2.0            1.0
  0.801                    2.0            1.0
  0.6                      2.0            1.0
  0.613                    2.0            1.0
  1.59                     3.0            1.0
  0.646                    1.0            4.0
  1.375                    2.0            1.0
  1.141                    2.0            1.0
  1.295                    1.0            6.0
  1.066                    2.0            1.0
  0.968                    2.0            1.0
  0.705                    2.0            1.0
  1.099                    2.0            1.0
  0.64                     2.0            1.0
  0.932                    3.0            1.0
  0.666                    2.0            1.0
  2.0                      3.0            1.0
  0.907                    3.0            1.0
  2.21                     2.0            1.0
  1.021                    2.0            1.0
  0.999                    2.0            1.0
  1.547                    2.0            1.0
  0.578                    2.0            1.0
  0.567                    2.0            1.0
  0.682                    2.0            1.0
  0.7                      2.0            1.0
  0.755                    3.0            1.0
  0.896                    2.0            1.0
  1.199                    2.0            1.0
  1.044                    2.0            1.0
  1.255                    2.0            1.0
  0.686                    2.0            1.0
  0.991                    2.0            1.0
  1.57                     2.0            1.0
  0.632                    2.0            1.0
  0.74                     4.0            1.0
  0.928                    2.0            1.0
  0.891                    2.0            1.0
  1.104                    2.0            1.0
  0.802                    2.0            1.0
  1.342                    1.0            2.0
  1.178                    2.0            1.0
  1.393                    2.0            1.0
  1.083                    2.0            1.0
  0.608                    2.0            1.0
  1.483                    2.0            1.0
  0.856                    2.0            1.0
  0.773                    2.0            1.0
  0.809                    2.0            1.0
  0.728                    2.0            1.0
  2.15                     2.0            1.0
  0.799                    2.0            1.0
  1.561                    2.0            1.0
  0.806                    2.0            1.0
  0.797                    2.0            1.0
  1.383                    2.0            1.0
  0.553                    2.0            1.0
  0.521                    2.0            1.0
  1.008                    2.0            1.0
  1.207                    2.0            1.0
  0.586                    2.0            1.0
  0.585                    2.0            1.0
  0.759                    2.0            1.0
  0.53                     2.0            1.0
  0.854                    2.0            1.0
  1.081                    2.0            1.0
  1.067                    2.0            1.0
  1.442                    2.0            1.0
  0.838                    2.0            1.0
  [total]               2654.0          626.0

koi_sage
  NA                    1293.0            8.0
  14.0                    33.0            6.0
  4.5                      4.0            2.0
  0.4                     77.0            6.0
  6.8                      4.0            3.0
  2.8                      4.0            1.0
  4.9                      7.0            5.0
  5.4                      4.0            2.0
  13.8                    19.0            5.0
  12.9                     3.0            2.0
  6.5                      1.0            2.0
  1.98                     1.0            2.0
  0.3                     89.0            7.0
  13.9                    46.0            9.0
  1.9                      7.0            3.0
  6.1                      3.0            3.0
  8.8                      4.0            1.0
  0.5                     59.0            3.0
  3.3                     10.0            1.0
  3.7                      6.0            1.0
  1.5                      4.0            1.0
  3.05                     2.0            1.0
  10.2                     4.0            2.0
  4.8                      6.0            4.0
  0.8                     15.0            2.0
  7.2                      5.0            7.0
  0.6                     27.0            5.0
  9.2                      6.0            1.0
  8.1                      2.0            1.0
  0.24                     7.0            1.0
  3.4                      6.0            1.0
  5.0                      2.0            4.0
  0.45                     3.0            1.0
  13.6                     5.0            1.0
  4.1                      4.0            1.0
  0.7                     11.0            1.0
  12.3                     3.0            1.0
  13.0                     2.0            1.0
  8.5                      2.0            4.0
  6.6                      5.0            1.0
  1.65                     2.0            4.0
  4.01                     2.0            2.0
  2.4                      5.0            1.0
  0.39                     2.0            1.0
  0.29                     5.0            1.0
  1.2                      5.0            2.0
  8.0                      3.0            1.0
  7.5                      4.0            1.0
  0.89                     2.0            1.0
  1.39                     2.0            1.0
  4.38                     1.0            3.0
  2.63                     2.0            1.0
  3.0                      6.0            1.0
  3.26                     2.0            1.0
  0.4085                   2.0            1.0
  1.46                     2.0            1.0
  2.01                     3.0            1.0
  0.337                    2.0            1.0
  1.05                     2.0            1.0
  1.6                      7.0            2.0
  8.4                      2.0            1.0
  0.99                     2.0            1.0
  8.6                      2.0            1.0
  13.7                    13.0            1.0
  1.0                      6.0            1.0
  2.44                     2.0            1.0
  4.4                     10.0            1.0
  3.77                     2.0            1.0
  9.6                      3.0            1.0
  0.68                     3.0            1.0
  0.9                     15.0            1.0
  1.4                      5.0            2.0
  5.9                      3.0            1.0
  4.0                      3.0            6.0
  3.2                      4.0            1.0
  0.86                     2.0            1.0
  0.36                     4.0            1.0
  5.2                      2.0            5.0
  3.94                     2.0            1.0
  3.8                     13.0            1.0
  0.23                     5.0            3.0
  1.3                      2.0            2.0
  0.91                     2.0            1.0
  3.65                     2.0            1.0
  0.2                     13.0            1.0
  3.08                     2.0            1.0
  1.87                     2.0            1.0
  1.13                     2.0            1.0
  9.7                      2.0            1.0
  3.1                      3.0            3.0
  7.0                      4.0            1.0
  2.5                      4.0            1.0
  5.7                      4.0            1.0
  1.8                      5.0            1.0
  3.67                     2.0            1.0
  0.28                     5.0            3.0
  2.1                      2.0            2.0
  9.4                      1.0            3.0
  3.6                      4.0            1.0
  1.25                     2.0            1.0
  2.85                     2.0            1.0
  13.4                     7.0            1.0
  13.5                     4.0            1.0
  1.59                     3.0            1.0
  13.2                     4.0            1.0
  2.27                     2.0            2.0
  4.2                      7.0            1.0
  0.26                     2.0            3.0
  4.43                     2.0            2.0
  1.51                     2.0            1.0
  1.35                     2.0            1.0
  3.14                     2.0            1.0
  2.55                     2.0            1.0
  0.32                     2.0            1.0
  7.9                      3.0            1.0
  10.1                     3.0            1.0
  9.0                      1.0            2.0
  0.27                     5.0            2.0
  0.58                     1.0            2.0
  2.0                      5.0            1.0
  12.4                     4.0            1.0
  3.5                      5.0            2.0
  1.03                     3.0            2.0
  11.0                     2.0            1.0
  0.514                    2.0            1.0
  0.52                     2.0            1.0
  4.7                      4.0            2.0
  3.35                     1.0            2.0
  2.41                     2.0            1.0
  0.84                     3.0            1.0
  2.9                      6.0            1.0
  1.26                     2.0            1.0
  0.57                     2.0            1.0
  6.2                      3.0            1.0
  2.67                     3.0            1.0
  2.6                      6.0            2.0
  9.8                      4.0            4.0
  2.2                      7.0            1.0
  10.9                     3.0            1.0
  0.69                     1.0            2.0
  0.37                     3.0            1.0
  0.44                     4.0            1.0
  2.94                     4.0            1.0
  0.71                     2.0            1.0
  1.64                     2.0            1.0
  0.73                     2.0            1.0
  1.27                     2.0            1.0
  0.48                     2.0            1.0
  2.87                     2.0            1.0
  11.6                     2.0            1.0
  4.33                     2.0            1.0
  2.3                      3.0            1.0
  0.19                     2.0            1.0
  7.6                      2.0            1.0
  2.57                     2.0            1.0
  0.25                     6.0            1.0
  1.096                    2.0            1.0
  8.3                      4.0            1.0
  10.0                     3.0            6.0
  2.91                     2.0            1.0
  3.16                     2.0            1.0
  7.8                      4.0            1.0
  7.3                      5.0            1.0
  0.11                     2.0            1.0
  5.8                      2.0            1.0
  2.33                     3.0            1.0
  2.77                     3.0            1.0
  13.1                     2.0            1.0
  1.37                     2.0            1.0
  0.74                     2.0            1.0
  1.67                     3.0            1.0
  2.79                     2.0            1.0
  0.59                     2.0            1.0
  2.47                     3.0            1.0
  1.15                     2.0            1.0
  4.65                     1.0            3.0
  2.24                     2.0            1.0
  2.7                      4.0            4.0
  6.7                      2.0            1.0
  6.37                     1.0            3.0
  1.88                     3.0            1.0
  2.95                     2.0            1.0
  12.2                     3.0            1.0
  10.15                    2.0            1.0
  4.75                     1.0            3.0
  2.66                     2.0            1.0
  2.69                     2.0            1.0
  2.62                     2.0            1.0
  11.9                     2.0            1.0
  3.39                     2.0            1.0
  0.77                     2.0            1.0
  3.13                     2.0            5.0
  6.4                      2.0            3.0
  5.3                      3.0            1.0
  0.34                     4.0            1.0
  0.421                    2.0            1.0
  2.05                     2.0            1.0
  11.1                     5.0            1.0
  7.7                      4.0            1.0
  2.65                     3.0            1.0
  5.6                      3.0            1.0
  4.3                      3.0            1.0
  1.71                     2.0            1.0
  0.413                    2.0            1.0
  2.61                     2.0            1.0
  1.86                     2.0            1.0
  5.5                      3.0            1.0
  2.75                     2.0            1.0
  1.58                     2.0            1.0
  2.68                     2.0            1.0
  0.22                     3.0            1.0
  3.54                     3.0            1.0
  0.53                     2.0            7.0
  8.2                      5.0            1.0
  12.5                     2.0            1.0
  0.42                     2.0            1.0
  4.6                      3.0            1.0
  9.9                      1.0            2.0
  7.4                      3.0            1.0
  0.54                     2.0            1.0
  9.3                      2.0            6.0
  7.1                      4.0            1.0
  11.5                     3.0            1.0
  0.56                     2.0            1.0
  3.43                     2.0            1.0
  10.7                     2.0            1.0
  0.43                     2.0            1.0
  1.1                      4.0            1.0
  8.7                      4.0            1.0
  3.56                     2.0            1.0
  1.84                     2.0            1.0
  3.27                     2.0            1.0
  1.89                     2.0            1.0
  2.08                     2.0            1.0
  4.24                     1.0            6.0
  3.57                     2.0            1.0
  1.09                     2.0            1.0
  0.76                     2.0            1.0
  10.3                     2.0            1.0
  1.28                     2.0            1.0
  0.459                    2.0            1.0
  2.38                     2.0            1.0
  1.97                     2.0            1.0
  1.18                     2.0            1.0
  6.3                      2.0            1.0
  3.9                      2.0            1.0
  0.35                     2.0            1.0
  1.62                     2.0            1.0
  1.49                     2.0            1.0
  5.09                     2.0            1.0
  0.62                     1.0            2.0
  3.11                     2.0            1.0
  2.29                     2.0            1.0
  6.9                      3.0            1.0
  2.18                     2.0            1.0
  0.482                    2.0            1.0
  2.76                     2.0            1.0
  1.7                      2.0            1.0
  12.1                     2.0            1.0
  1.41                     2.0            1.0
  2.32                     2.0            1.0
  0.31                     2.0            1.0
  5.1                      2.0            1.0
  3.55                     2.0            1.0
  12.7                     2.0            1.0
  2.11                     2.0            1.0
  3.52                     2.0            1.0
  1.78                     2.0            1.0
  [total]               2451.0          423.0



Time taken to build model: 0.02 seconds

=== Stratified cross-validation ===
=== Summary ===

Correctly Classified Instances        1723               73.6955 %
Incorrectly Classified Instances       615               26.3045 %
Kappa statistic                          0.2332
Mean absolute error                      0.2545
Root mean squared error                  0.48  
Relative absolute error                204.953  %
Root relative squared error            192.9101 %
Total Number of Instances             2338     

=== Detailed Accuracy By Class ===

               TP Rate   FP Rate   Precision   Recall  F-Measure   ROC Area  Class
                 0.724     0.077      0.992     0.724     0.837      0.916    FALSE POSITIVE
                 0.923     0.276      0.192     0.923     0.317      0.916    CONFIRMED
Weighted Avg.    0.737     0.091      0.939     0.737     0.803      0.916

=== Confusion Matrix ===

    a    b   <-- classified as
 1580  603 |    a = FALSE POSITIVE
   12  143 |    b = CONFIRMED

